# Tor state file last generated on 2014-08-21 05:53:05 local time
# Other times below are in UTC
# You *do not* need to edit this file.

EntryGuard test001r 52C33DA3D07AD109C29802BE3E4F684FBA4AF1AE DirCache
EntryGuardAddedBy 52C33DA3D07AD109C29802BE3E4F684FBA4AF1AE 0.2.4.23 2014-08-09 21:27:56
EntryGuardPathBias 53.000000 53.000000 53.000000 0.000000 0.000000 0.000000
EntryGuard test002r 78C676B6CF3375AC6BF3631310D69B81984C2E92 DirCache
EntryGuardAddedBy 78C676B6CF3375AC6BF3631310D69B81984C2E92 0.2.4.23 2014-08-10 18:41:36
EntryGuardPathBias 46.000000 46.000000 46.000000 0.000000 0.000000 0.000000
EntryGuard test000a 69C62DA6F3AA8E94EFA02BC3392AEF83F8351C1D DirCache
EntryGuardUnlistedSince 2014-08-18 19:25:40
EntryGuardAddedBy 69C62DA6F3AA8E94EFA02BC3392AEF83F8351C1D 0.2.4.23 2014-08-14 07:33:45
EntryGuardPathBias 1.000000 1.000000 1.000000 0.000000 0.000000 0.000000
BWHistoryReadEnds 2014-08-21 05:56:24
BWHistoryReadValues 39936,15360,9216,14336,16384,38912,30720,13312,9216,11264,16384,19456,36864,46080,26624,46080,31744,13312,10240,24576,32768,22528,20480,16384,13312,23552,11264,8192,11264,11264,21504,10240,13312,9216,12288,12288,11264,8192,8192,39936,20480,10240,11264,15360,32768,18432,14336,11264,13312,8192,8192,9216,7168,8192,9216,13312,10240,6144,9216,7168,7168,10240,12288,9216,10240,12288,8192,11264,9216,8192,10240,9216,12288,7168,12288,8192,11264,10240,9216,12288,5120,11264,12288,12288,9216,9216,10240,13312,4096,11264,15360,5120,14336,7168,11264,13312,9216
BWHistoryReadMaxima 0,0,0,0,0,0,0,0,0,0,0,0,0,0,0,0,0,0,0,0,0,0,0,0,0,0,0,0,0,0,0,0,0,0,0,0,0,0,0,0,0,0,0,0,0,0,0,0,0,0,0,0,0,0,0,0,0,0,0,0,0,0,0,0,0,0,0,0,0,0,0,0,0,0,0,0,0,0,0,0,0,0,0,0,0,0,0,0,0,0,0,0,0,0,0,0,0
BWHistoryWriteEnds 2014-08-21 05:56:24
BWHistoryWriteValues 31744,12288,5120,12288,19456,36864,23552,7168,8192,10240,18432,18432,30720,36864,21504,45056,22528,7168,10240,20480,29696,20480,16384,13312,17408,20480,6144,7168,10240,10240,16384,5120,16384,7168,10240,13312,10240,4096,7168,36864,10240,8192,10240,16384,28672,13312,11264,7168,8192,2048,4096,3072,1024,4096,4096,12288,10240,1024,4096,3072,1024,9216,10240,7168,10240,10240,8192,10240,4096,7168,4096,7168,9216,4096,14336,4096,10240,7168,4096,8192,1024,10240,14336,11264,3072,8192,10240,10240,1024,10240,16384,2048,16384,1024,10240,16384,8192
BWHistoryWriteMaxima 0,0,0,0,0,0,0,0,0,0,0,0,0,0,0,0,0,0,0,0,0,0,0,0,0,0,0,0,0,0,0,0,0,0,0,0,0,0,0,0,0,0,0,0,0,0,0,0,0,0,0,0,0,0,0,0,0,0,0,0,0,0,0,0,0,0,0,0,0,0,0,0,0,0,0,0,0,0,0,0,0,0,0,0,0,0,0,0,0,0,0,0,0,0,0,0,0
BWHistoryDirReadEnds 2014-08-21 05:56:24
BWHistoryDirReadValues 0,0,0,0,0,0,0,0,0,0,0,0,0,0,0,0,0,0,0,0,0,0,0,0,0,0,0,0,0,0,0,0,0,0,0,0,0,0,0,0,0,0,0,0,0,0,0,0,0,0,0,0,0,0,0,0,0,0,0,0,0,0,0,0,0,0,0,0,0,0,0,0,0,0,0,0,0,0,0,0,0,0,0,0,0,0,0,0,0,0,0,0,0,0,0,0,0
BWHistoryDirReadMaxima 0,0,0,0,0,0,0,0,0,0,0,0,0,0,0,0,0,0,0,0,0,0,0,0,0,0,0,0,0,0,0,0,0,0,0,0,0,0,0,0,0,0,0,0,0,0,0,0,0,0,0,0,0,0,0,0,0,0,0,0,0,0,0,0,0,0,0,0,0,0,0,0,0,0,0,0,0,0,0,0,0,0,0,0,0,0,0,0,0,0,0,0,0,0,0,0,0
BWHistoryDirWriteEnds 2014-08-21 05:56:24
BWHistoryDirWriteValues 0,1024,0,1024,2048,2048,1024,0,1024,1024,2048,1024,1024,1024,0,1024,0,0,1024,0,1024,1024,1024,1024,2048,1024,0,1024,1024,1024,0,0,2048,1024,1024,2048,1024,0,1024,1024,0,1024,1024,2048,0,0,1024,0,0,0,0,0,0,0,0,1024,1024,0,0,0,0,1024,1024,1024,1024,1024,1024,1024,0,1024,0,1024,1024,0,2048,0,1024,1024,0,0,0,1024,2048,1024,0,1024,1024,1024,0,1024,2048,0,2048,0,1024,2048,1024
BWHistoryDirWriteMaxima 0,0,0,0,0,0,0,0,0,0,0,0,0,0,0,0,0,0,0,0,0,0,0,0,0,0,0,0,0,0,0,0,0,0,0,0,0,0,0,0,0,0,0,0,0,0,0,0,0,0,0,0,0,0,0,0,0,0,0,0,0,0,0,0,0,0,0,0,0,0,0,0,0,0,0,0,0,0,0,0,0,0,0,0,0,0,0,0,0,0,0,0,0,0,0,0,0
TorVersion Tor 0.2.4.23 (git-19f0f189116dba73)
LastRotatedOnionKey 2014-08-18 18:11:24
LastWritten 2014-08-21 05:53:05
TotalBuildTimes 100
CircuitBuildTimeBin 25 96
CircuitBuildTimeBin 75 1
CircuitBuildTimeBin 175 3
